month,jan,feb,mar,apr,may,jun,jul,aug,sep,oct,nov,dec,year
Average high °C (°F),-10 (14),-11 (12),-12 (10),-5 (23),3 (37),8 (46),11 (52),10 (50),5 (41),-1 (30),-5 (23),-8 (18),-1.3 (29.7)
Daily mean °C (°F),-13.5 (7.7),-14.5 (5.9),-15.5 (4.1),-8.5 (16.7),0 (32),5 (41),8 (46),7 (45),2 (36),-4 (25),-8 (18),-11 (12),-4.5 (23.9)
Average low °C (°F),-17 (1),-18 (0),-19 (-2),-12 (10),-3 (27),2 (36),5 (41),4 (39),-1 (30),-7 (19),-11 (12),-14 (7),-7.6 (18.3)
Precipitation mm (inches),12 (0.47),13 (0.51),12 (0.47),13 (0.51),16 (0.63),22 (0.87),29 (1.14),26 (1.02),35 (1.38),26 (1.02),23 (0.91),17 (0.67),244 (9.6)
Avg. precipitation days (≥ 1.0 mm),9,9,10,9,8,7,8,9,10,10,11,10,110
Mean monthly sunshine hours,0,28,93,180,279,300,279,217,120,62,30,0,"1,588"
Record high °F (°C),76 (24),86 (30),96 (36),96 (36),95 (35),104 (40),111 (44),109 (43),105 (41),96 (36),90 (32),78 (26),111 (44)
Average high °F (°C),46.2 (7.9),50.4 (10.2),59.1 (15.1),68.7 (20.4),75.5 (24.2),83.5 (28.6),88.7 (31.5),89.4 (31.9),80.8 (27.1),70.3 (21.3),59.2 (15.1),48.0 (8.9),68.3 (20.2)
Average low °F (°C),26.1 (-3.3),29.0 (-1.7),37.8 (3.2),46.9 (8.3),55.7 (13.2),64.1 (17.8),68.7 (20.4),67.7 (19.8),58.9 (14.9),47.6 (8.7),39.2 (4),28.1 (-2.2),47.5 (8.6)
Record low °F (°C),-23 (-31),-24 (-31),-11 (-24),18 (-8),28 (-2),41 (5),48 (9),44 (7),29 (-2),17 (-8),5 (-15),-12 (-24),-24 (-31)
Precipitation inches (mm),1.99 (50.5),2.43 (61.7),3.54 (89.9),4.05 (102.9),4.99 (126.7),4.59 (116.6),3.18 (80.8),2.75 (69.9),4.43 (112.5),3.83 (97.3),4.19 (106.4),2.73 (69.3),"42.7 (1,084.6)"
Snowfall inches (cm),1.6 (4.1),2.0 (5.1),0 (0),0 (0),0 (0),0 (0),0 (0),0 (0),0 (0),0 (0),0 (0),.7 (1.8),4.4 (11.2)
Avg. precipitation days (≥ 0.01 in),5.4,6.6,8.2,9.0,11.2,8.9,7.0,6.4,7.6,7.9,7.0,6.3,91.4
Avg. snowy days (≥ 0.1 in),.7,.9,0,0,0,0,0,0,0,0,0,.5,2.3
Record high °C (°F),38 (100),40 (104),43 (109),48 (118),46 (115),45 (113),42.5 (108.5),42.5 (108.5),41 (106),39 (102),39 (102),39 (102),48 (118)
Average high °C (°F),20.7 (69.3),23.2 (73.8),26.9 (80.4),30 (86),32.2 (90),33.8 (92.8),34.8 (94.6),34.5 (94.1),31.5 (88.7),27.6 (81.7),24.1 (75.4),21.2 (70.2),28.4 (83.1)
Daily mean °C (°F),14.4 (57.9),16.6 (61.9),20 (68),23.4 (74.1),26.2 (79.2),27.9 (82.2),28.6 (83.5),28.5 (83.3),26.2 (79.2),22.4 (72.3),18.4 (65.1),15.1 (59.2),22.3 (72.1)
Average low °C (°F),8.2 (46.8),10 (50),13.2 (55.8),16.7 (62.1),20.2 (68.4),22 (72),22.3 (72.1),22.5 (72.5),20.9 (69.6),17.2 (63),12.7 (54.9),9.1 (48.4),16.3 (61.3)
Record low °C (°F),-7 (19),-7 (19),-1 (30),5 (41),8 (46),11.5 (52.7),11 (52),12.2 (54),2 (36),2 (36),-5 (23),-7.5 (18.5),-7.5 (18.5)
Precipitation mm (inches),16.6 (0.654),16.5 (0.65),19.9 (0.783),29.7 (1.169),52.3 (2.059),68.4 (2.693),43 (1.69),79.6 (3.134),150.6 (5.929),77.2 (3.039),23 (0.91),14.1 (0.555),590.9 (23.264)
Avg. precipitation days (≥ 0.1 mm),4.2,3.8,3.4,4.5,5.7,5.6,3.9,6.4,8.2,6.5,4.1,3.4,59.7
Avg. snowy days,0.03,0,0,0,0,0,0,0,0,0,0,0,0.03
% humidity,67,64,58,61,66,66,63,63,69,71,68,69,65
Mean monthly sunshine hours,193,137,155,167,163,178,194,226,167,142,196,185,"2,104"
Average high °F (°C),64 (18),63 (17),63 (17),64 (18),65 (18),67 (19),70 (21),71 (22),71 (22),70 (21),67 (19),64 (18),66.6 (19.2)
Average low °F (°C),51 (11),52 (11),53 (12),55 (13),57 (14),60 (16),63 (17),63 (17),63 (17),60 (16),55 (13),51 (11),56.9 (14)
Precipitation inches (mm),2.84 (72.1),3.44 (87.4),1.96 (49.8),0.66 (16.8),0.21 (5.3),0.04 (1),0.01 (0.3),0.04 (1),0.13 (3.3),0.50 (12.7),1.08 (27.4),1.88 (47.8),12.79 (324.9)
Avg. rainy days,7.0,7.9,5.1,2.4,1.0,0.4,0.1,0.5,1.0,0.8,2.5,4.0,32.7
Record high °C (°F),21.2 (70.2),22.5 (72.5),29.5 (85.1),29 (84),34 (93),38 (100),41 (106),40.5 (104.9),37.2 (99),33 (91),27 (81),21.2 (70.2),41 (106)
Average high °C (°F),6.5 (43.7),7.6 (45.7),11.8 (53.2),15.6 (60.1),21.7 (71.1),26.4 (79.5),29.5 (85.1),29.8 (85.6),24.8 (76.6),18.9 (66),13.8 (56.8),8.3 (46.9),17.8 (64)
Daily mean °C (°F),3.0 (37.4),3.7 (38.7),7.4 (45.3),11.5 (52.7),16.7 (62.1),21.5 (70.7),24.5 (76.1),24.8 (76.6),20.0 (68),14.6 (58.3),10.1 (50.2),5.0 (41),13.5 (56.3)
Average low °C (°F),-0.4 (31.3),-0.1 (31.8),3.4 (38.1),7.5 (45.5),12.3 (54.1),16.8 (62.2),19.4 (66.9),19.5 (67.1),15.2 (59.4),10.4 (50.7),6.3 (43.3),1.6 (34.9),9.3 (48.7)
Record low °C (°F),-19 (-2),-17.2 (1),-13.5 (7.7),-5 (23),0 (32),7 (45),7 (45),7 (45),1.1 (34),-7.7 (18.1),-10 (14),-17 (1),-19 (-2)
Precipitation mm (inches),31.8 (1.252),29.9 (1.177),43.7 (1.72),57 (2.24),43.9 (1.728),57.6 (2.268),50.7 (1.996),41.4 (1.63),44.1 (1.736),42.6 (1.677),55.6 (2.189),42 (1.65),540.3 (21.272)
Avg. precipitation days,13.5,11.3,11.9,9.3,6.9,6.2,4.7,3.3,6.5,9.6,8.9,11.5,103.6
% humidity,77.9,75,73.3,73.7,74.8,72.5,69.7,69.4,73.1,77.6,78.1,79,74.5
Mean monthly sunshine hours,96.1,117.6,164.3,201.0,275.9,300.0,319.3,319.3,219.0,170.5,105.0,86.8,"2,374.8"
